<<<<<<< HEAD
-1,-1
-1,-1
-1,-1
-1,-1
0,5
-1,-1
-1,-1
-1,-1
-1,-1
0,2
=======
0,0
0,1
0,2
0,3
0,4
0,5
0,6
0,7
1,0
1,1
1,2
1,3
>>>>>>> parent of ee8b04d (almost finished game)
-1,-1
1,5
-1,-1
-1,-1
-1,-1
-1,-1
2,0
-1,-1
-1,-1
-1,-1
-1,-1
-1,-1
-1,-1
<<<<<<< HEAD
4,5
-1,-1
-1,-1
-1,-1
-1,-1
4,3
3,5
-1,-1
-1,-1
-1,-1
-1,-1
1,2
-1,-1
-1,-1
-1,-1
=======
>>>>>>> parent of ee8b04d (almost finished game)
-1,-1
-1,-1
1,4
-1,-1
<<<<<<< HEAD
5,2
-1,-1
-1,-1
-1,-1
-1,-1
-1,-1
-1,-1
-1,-1
=======
-1,-1
-1,-1
-1,-1
-1,-1
-1,-1
-1,-1
6,4
>>>>>>> parent of ee8b04d (almost finished game)
-1,-1
-1,-1
-1,-1
-1,-1
-1,-1
-1,-1
-1,-1
-1,-1
-1,-1
-1,-1
-1,-1
<<<<<<< HEAD
-1,-1
6,7
-1,-1
=======
6,0
6,1
6,2
6,3
-1,-1
6,5
6,6
6,7
7,0
7,1
7,2
7,3
7,4
7,5
7,6
7,7
>>>>>>> parent of ee8b04d (almost finished game)
